1 4753
2 64
1 9347
2 64
1 4913
2 33
1 6371
2 53
1 -7660
2 65
1 7992
2 29
1 7979
2 28
1 -6056
2 5
1 -3096
2 13
1 -4315
2 52
1 2048
0 0
1 9126
2 67
0 0
1 -4398
2 29
1 5230
2 30
1 1150
2 41
1 668
0 0
1 -7265
2 69
0 0
2 38
1 -8498
2 68
0 0
2 30
1 -1108
2 7
1 5875
2 13
1 -8614
2 44
1 -9866
2 2
1 2582
2 43
1 6628
2 59
0 0
1 7514
0 0
1 -115
2 14
1 2844
2 4
1 6564
2 23
1 -8148
2 12
1 -81
2 2
1 9928
2 8
1 3174
2 28
0 0
1 6259
2 3
1 1863
2 34
0 0
1 4751
0 0
1 -7394
2 59
0 0
2 28
0 0
2 59
1 -848
2 19
0 0
1 -575
2 60
0 0
2 74
1 514
0 0
1 8660
2 3
1 5325
2 41
0 0
2 10
0 0
